381.1
381.75
381.839
381.874
381.883
381.899
381.969
381.971
381.998
382.034
382.052
382.053
382.088
382.089
382.091
382.101
382.114
382.122
382.129
382.143
382.172
382.19
382.197
382.2
382.2
382.217
382.219
382.232
382.25
382.254
382.259
382.288
382.309
382.31
382.315
382.335
382.342
382.374
382.384
382.387
382.388
382.391
382.392
382.411
382.414
382.414
382.418
382.43
382.436
382.447
382.453
382.457
382.459
382.462
382.466
382.511
382.517
382.518
382.525
382.532
382.532
382.535
382.548
382.589
382.593
382.623
382.627
382.628
382.64
382.651
382.662
382.673
382.681
382.697
382.7
382.72
382.721
382.739
382.74
382.767
382.773
382.805
382.813
382.822
382.835
382.872
382.891
382.9
382.92
382.982
382.997
383.018
383.026
383.055
383.071
383.083
383.125
383.168
383.195
383.297
383.363
383.407
383.496
383.69
383.75
383.9
